0 0.0032631000000000005
1 0.0063637
2 0.005377799999999999
3 0.0055423
4 0.005801200000000001
5 0.0055732
6 0.0054523000000000045
7 0.005483300000000002
8 0.006657600000000008
9 0.0057443000000000025
10 0.005561700000000003
11 0.005691299999999999
12 0.00573530000000001
13 0.005887399999999998
14 0.006254899999999996
15 0.005900300000000002
16 0.006112399999999995
17 0.006004799999999988
18 0.006027500000000008
19 0.007345000000000002
20 0.006181900000000007
21 0.0063120999999999984
22 0.006065199999999993
23 0.006261799999999984
24 0.006223099999999993
25 0.006277900000000014
26 0.006290499999999999
27 0.006310700000000002
28 0.007452600000000009
29 0.006439200000000001
30 0.006372700000000009
31 0.006513999999999997
32 0.0064888000000000055
33 0.006599099999999991
34 0.006769000000000025
35 0.006574400000000003
36 0.006718999999999964
37 0.007673899999999989
38 0.0067597999999999825
39 0.0068490000000000165
40 0.006955300000000042
41 0.006931500000000002
42 0.0069177999999999965
43 0.006939600000000023
44 0.007029700000000005
45 0.007060200000000005
46 0.008381499999999997
47 0.007212800000000019
48 0.007316900000000004
49 0.007110299999999991
50 0.007288400000000017
51 0.00743879999999999
52 0.007438600000000006
53 0.0074113000000000095
54 0.007576599999999978
55 0.008507900000000035
56 0.007511800000000024
57 0.007453799999999999
58 0.007708300000000001
59 0.007733900000000027
60 0.007582899999999971
61 0.007768599999999992
62 0.007976400000000083
63 0.00794480000000002
64 0.00797819999999998
65 0.009018100000000029
66 0.007855900000000027
67 0.00796209999999995
68 0.008092900000000024
69 0.008144799999999997
70 0.008108199999999944
71 0.008293600000000012
72 0.008223100000000016
73 0.00927769999999999
74 0.008219400000000033
75 0.008371999999999958
76 0.00830169999999999
77 0.00858730000000003
78 0.008557900000000007
79 0.008566900000000021
80 0.008682899999999983
81 0.008706600000000009
82 0.009684399999999992
83 0.00858220000000003
84 0.00866870000000004
85 0.008757000000000037
86 0.008720699999999937
87 0.008873200000000026
88 0.008956300000000006
89 0.008844599999999935
90 0.00901139999999998
91 0.010265699999999978
92 0.009050899999999995
93 0.009261599999999958
94 0.009141500000000047
95 0.009097799999999979
96 0.009311200000000052
97 0.009286999999999957
98 0.009233000000000047
99 0.009411900000000006
100 0.010243900000000038
101 0.009470099999999971
102 0.00936079999999997
103 0.009513899999999964
104 0.00953059999999999
105 0.009717899999999969
106 0.00974800000000009
107 0.009744099999999988
108 0.009804499999999905
109 0.011033700000000124
110 0.00987569999999991
111 0.009974300000000014
112 0.009831599999999874
113 0.010091800000000007
114 0.010107499999999981
115 0.009960500000000039
116 0.00998020000000004
117 0.010239200000000004
118 0.011160199999999953
119 0.010318499999999986
120 0.010408300000000103
121 0.010229299999999952
122 0.01044160000000005
123 0.010439199999999893
124 0.01055810000000008
125 0.010615600000000036
126 0.010841900000000137
127 0.011530100000000054
128 0.010536699999999932
129 0.010767599999999966
130 0.011005700000000118
131 0.010821700000000156
132 0.010939100000000045
133 0.010851800000000012
134 0.011023199999999988
135 0.012228999999999957
136 0.01086020000000012
137 0.01108670000000007
138 0.01130230000000001
139 0.011118300000000048
140 0.011156199999999927
141 0.011289899999999875
142 0.011441199999999974
143 0.011223899999999887
144 0.01248819999999995
145 0.011463999999999964
146 0.011365799999999916
147 0.011497799999999891
148 0.011604299999999946
149 0.012041400000000025
150 0.012122299999999874
151 0.011856199999999895
152 0.01199570000000012
153 0.013286500000000067
154 0.012120200000000025
155 0.012125200000000013
156 0.011917399999999922
157 0.012130100000000078
158 0.011942599999999892
159 0.011927299999999974
160 0.01196830000000002
161 0.012149300000000095
162 0.01327689999999997
163 0.012012299999999953
164 0.01205449999999999
165 0.011993599999999915
166 0.012123500000000042
167 0.012321899999999886
168 0.012316000000000039
169 0.012536099999999984
170 0.014000199999999907
171 0.01264649999999996
172 0.012389699999999948
173 0.012414900000000095
174 0.012467200000000034
175 0.012712299999999921
176 0.012536199999999909
177 0.012720200000000048
178 0.012748900000000063
179 0.013731399999999994
180 0.012730100000000277
181 0.01282180000000004
182 0.01273149999999994
183 0.013005000000000067
184 0.0129092
185 0.013219399999999836
186 0.013182700000000125
187 0.013938999999999879
188 0.01287850000000006
189 0.013133600000000101
190 0.01324159999999992
191 0.013297599999999932
192 0.01321949999999994
193 0.013584999999999781
194 0.01327360000000013
195 0.013691800000000143
196 0.014942299999999875
197 0.013548099999999863
198 0.01373490000000004
199 0.014032799999999668
200 0.014085899999999896
201 0.014092000000000127
202 0.013940800000000309
203 0.013825299999999884
204 0.013953599999999965
205 0.014970500000000086
206 0.014266999999999896
207 0.0139799
208 0.014251900000000007
209 0.013897599999999954
210 0.014403700000000085
211 0.014058999999999955
212 0.014598700000000164
213 0.01511969999999998
214 0.014707300000000246
215 0.014382699999999814
216 0.014918700000000128
217 0.014379999999999882
218 0.014788099999999815
219 0.014692199999999999
220 0.014372199999999679
221 0.014766400000000245
222 0.015466000000000335
223 0.01459910000000022
224 0.014714900000000242
225 0.01472750000000005
226 0.014592499999999831
227 0.014777299999999726
228 0.015200499999999905
229 0.015078800000000215
230 0.015735300000000053
231 0.01497690000000027
232 0.015026599999999845
233 0.014932500000000104
234 0.014934900000000084
235 0.015124599999999688
236 0.015178200000000076
237 0.015268099999999762
238 0.01623049999999999
239 0.015215500000000048
240 0.015574100000000257
241 0.015357900000000058
242 0.0153261999999998
243 0.01556670000000011
244 0.015674800000000034
245 0.015400800000000103
246 0.015841100000000097
247 0.01690560000000012
248 0.015529800000000194
249 0.015915800000000146
250 0.015911499999999988
251 0.015956699999999914
252 0.015724300000000115
253 0.01623640000000002
254 0.01625450000000015
255 0.017492000000000018
256 0.016273800000000095
257 0.016187200000000245
258 0.015977000000000175
259 0.01629940000000012
260 0.016201300000000175
261 0.016356400000000094
262 0.01604800000000033
263 0.016563500000000175
264 0.01749079999999985
265 0.016407899999999743
266 0.01653650000000013
267 0.016052900000000037
268 0.016522900000000007
269 0.016488999999999976
270 0.016544899999999883
271 0.016449500000000228
272 0.01755579999999988
273 0.016971699999999857
274 0.016703500000000204
275 0.016735200000000106
276 0.01682169999999985
277 0.01716239999999978
278 0.01694439999999986
279 0.01700179999999989
280 0.018400800000000217
281 0.01715769999999992
282 0.017256599999999976
283 0.01737109999999973
284 0.017769799999999947
285 0.017774500000000158
286 0.017642099999999772
287 0.01753880000000052
288 0.017751899999999664
289 0.018952200000000374
290 0.017400299999999903
291 0.01754630000000006
292 0.017561299999999846
293 0.017577700000000362
294 0.017917899999999775
295 0.01771790000000024
296 0.017856299999999693
297 0.01901149999999987
298 0.017746999999999957
299 0.01839519999999979
300 0.018276600000000087
301 0.018363300000000037
302 0.018281900000000205
303 0.01839480000000009
304 0.018549300000000102
305 0.019584700000000056
306 0.018219399999999553
307 0.01838559999999987
308 0.018754100000000308
309 0.018165499999999925
310 0.018508999999999533
311 0.01843679999999992
312 0.018995500000000477
313 0.019554499999999565
314 0.01858840000000015
315 0.0186797999999996
316 0.019015700000000635
317 0.01899529999999956
318 0.01920920000000024
319 0.018885600000000124
320 0.01858049999999949
321 0.020021500000000005
322 0.019422300000000094
323 0.018907499999999543
324 0.01923620000000028
325 0.019197799999999886
326 0.019309599999999705
327 0.019575900000000247
328 0.01949830000000006
329 0.01950730000000007
330 0.020955700000000375
331 0.019454999999999955
332 0.019885299999999974
333 0.019549099999999698
334 0.019161000000000428
335 0.019696300000000378
336 0.019580300000000505
337 0.01943369999999973
338 0.020811499999999938
339 0.019719599999999816
340 0.01995159999999956
341 0.020237099999999942
342 0.019862899999999684
343 0.020005199999999945
344 0.01999879999999976
345 0.020074900000000184
346 0.02144480000000044
347 0.02005110000000059
348 0.020143499999999648
349 0.019589900000000427
350 0.020728300000000387
351 0.020263199999999416
352 0.020089199999999606
353 0.020373500000000176
354 0.021718699999999556
355 0.020196199999999463
356 0.020166700000000048
357 0.020679100000000263
358 0.0203322
359 0.020687800000000322
360 0.02075190000000049
361 0.020517399999999953
362 0.022236099999999936
363 0.020619400000000353
364 0.020822499999999876
365 0.02057870000000008
366 0.020521300000000055
367 0.020566700000000538
368 0.021628799999999872
369 0.021263599999999626
370 0.022328999999999866
371 0.021017599999999702
372 0.02107080000000039
373 0.02103219999999979
374 0.021192299999999876
375 0.021715800000000486
376 0.020936500000000535
377 0.02127009999999956
378 0.022704000000000234
379 0.021724599999999584
380 0.021497499999999548
381 0.021752200000000242
382 0.021595800000000054
383 0.021645600000000088
384 0.02192020000000028
385 0.02159690000000012
386 0.022636100000000426
387 0.021502899999999416
388 0.021607300000000152
389 0.021845000000000427
390 0.021802100000000026
391 0.022206299999999856
392 0.02236040000000017
393 0.02219030000000046
394 0.023878799999999957
395 0.022326799999999737
396 0.022392599999999874
397 0.022327299999999894
398 0.022193999999999648
399 0.022193199999999535
400 0.022467000000000327
401 0.02199810000000042
402 0.02350229999999982
403 0.0224453000000004
404 0.02218560000000025
405 0.022374600000000557
406 0.02247520000000023
407 0.022230499999999865
408 0.0227484000000004
409 0.022897100000000135
410 0.024471899999999637
411 0.022883300000000162
412 0.022881499999999732
413 0.02272909999999939
414 0.022568100000000157
415 0.023212599999999382
416 0.022923099999999863
417 0.02353260000000006
418 0.024267800000000506
419 0.023141200000000594
420 0.02312300000000036
421 0.023387300000000267
422 0.023263899999999893
423 0.023034700000000186
424 0.023127099999999956
425 0.023148199999999973
426 0.024682200000000164
427 0.024199100000000584
428 0.023676500000000544
429 0.023301799999999418
430 0.023256499999999392
431 0.023657599999999945
432 0.02398359999999968
433 0.023801800000000383
434 0.0251806000000002
435 0.02370039999999989
436 0.023793500000000734
437 0.023325200000000733
438 0.023471500000000846
439 0.02409760000000034
440 0.024476799999999344
441 0.02421760000000006
442 0.02561300000000131
443 0.023969200000000513
444 0.024012399999999445
445 0.023909600000000353
446 0.023991399999999885
447 0.024254700000000184
448 0.024379199999999913
449 0.0260659000000004
450 0.024359499999999912
451 0.024566999999998985
452 0.02464000000000084
453 0.024559699999998942
454 0.024831599999998843
455 0.02459259999999972
456 0.024728799999999752
457 0.026369499999999844
458 0.025001999999999212
459 0.02491270000000014
460 0.02484579999999994
461 0.025018099999999776
462 0.025279499999999188
463 0.025171499999999014
464 0.025001099999998645
465 0.027040999999999826
466 0.025308099999999455
467 0.02532330000000087
468 0.02499690000000072
469 0.025718899999999677
470 0.025268300000000465
471 0.02575779999999952
472 0.025956399999999748
473 0.027101100000000145
474 0.025455700000000546
475 0.02571139999999872
476 0.02573889999999892
477 0.025932300000000907
478 0.0256448000000006
479 0.02647879999999958
480 0.02594840000000005
481 0.026974099999999623
482 0.02571789999999936
483 0.025934999999999774
484 0.026280199999999355
485 0.025904900000000453
486 0.02606410000000068
487 0.026205800000001035
488 0.02761299999999949
489 0.02618499999999955
490 0.02658129999999943
491 0.02609380000000101
492 0.02668650000000099
493 0.02661470000000037
494 0.02630449999999911
495 0.02665229999999923
496 0.027711800000000154
497 0.026522699999999587
498 0.026527300000000763
499 0.026776999999999874
500 0.026800900000000637
501 0.026624900000000194
502 0.026675399999999173
503 0.026828500000000588
504 0.028255599999999957
505 0.02695619999999934
506 0.026529299999999978
507 0.026699199999998768
508 0.02714030000000065
509 0.026794999999999902
510 0.02733349999999888
511 0.02822999999999922
512 0.027379999999999426
513 0.027201500000001034
514 0.027287199999999245
515 0.027253399999999317
516 0.027739599999999597
517 0.027572399999999674
518 0.02782100000000014
519 0.02896209999999968
520 0.027354300000000366
521 0.027459000000000344
522 0.027552099999999767
523 0.027692799999999806
524 0.027665400000000773
525 0.02764680000000084
526 0.028646900000001096
527 0.02914999999999992
528 0.027906000000000118
529 0.027882999999999925
530 0.027851299999998958
531 0.0281218999999993
532 0.02806530000000009
533 0.02782759999999911
534 0.031056200000000443
535 0.028247899999999503
536 0.028171600000000296
537 0.028235499999999546
538 0.028143099999999775
539 0.02807590000000033
540 0.028344700000000955
541 0.02875230000000073
542 0.029805899999999497
543 0.02891479999999973
544 0.028620300000000043
545 0.029121999999999558
546 0.028640799999999446
547 0.028997400000000083
548 0.029098000000000467
549 0.029667200000000095
550 0.02885249999999928
551 0.028948199999999247
552 0.028920199999998886
553 0.028984300000000473
554 0.02880880000000019
555 0.029417499999999562
556 0.029601399999999955
557 0.031043400000000075
558 0.02927349999999933
559 0.029325699999999698
560 0.029554600000000163
561 0.029349200000000054
562 0.029427799999999137
563 0.029930499999998972
564 0.029611500000000034
565 0.03098719999999986
566 0.02974130000000059
567 0.030067099999999413
568 0.029744399999999872
569 0.030454999999999188
570 0.02970590000000044
571 0.030129800000000272
572 0.031177299999998808
573 0.029847999999999784
574 0.030120200000000354
575 0.029824000000000694
576 0.02986539999999991
577 0.030129499999999608
578 0.03034049999999979
579 0.03016020000000026
580 0.031141100000000678
581 0.03001870000000082
582 0.030170999999999993
583 0.03048339999999996
584 0.030250600000000814
585 0.030570400000000574
586 0.030796399999999835
587 0.03214150000000018
588 0.03070079999999962
589 0.031035599999999875
590 0.030567000000000632
591 0.030748499999999977
592 0.03046539999999993
593 0.031213499999999783
594 0.030976299999998957
595 0.03242919999999998
596 0.031068400000000905
597 0.031087999999999737
598 0.03115580000000051
599 0.03129269999999877
600 0.031558699999999364
601 0.031136800000000166
602 0.03283950000000004
603 0.030942300000000957
604 0.03175259999999867
605 0.03148699999999991
606 0.0315567999999999
607 0.03199900000000042
608 0.03209860000000049
609 0.033717299999999284
610 0.03167619999999971
611 0.03175329999999974
612 0.03185419999999937
613 0.03202840000000009
614 0.03176129999999944
615 0.03192530000000034
616 0.03220740000000007
617 0.034089600000000074
618 0.03214750000000066
619 0.031974699999999245
620 0.03222410000000053
621 0.03218079999999901
622 0.03239459999999923
623 0.032071499999999274
624 0.033698699999999346
625 0.032676000000000725
626 0.03260130000000032
627 0.03220430000000078
628 0.03414939999999973
629 0.03241459999999989
630 0.03246169999999893
631 0.032308100000000194
632 0.034009400000000765
633 0.03263660000000072
634 0.03291910000000087
635 0.03305409999999966
636 0.03270440000000008
637 0.032762799999999
638 0.032771700000000695
639 0.03436190000000039
640 0.032887100000000655
641 0.03303679999999929
642 0.03256990000000002
643 0.0330514000000008
644 0.03318940000000055
645 0.03317260000000033
646 0.034924900000000036
647 0.03283959999999979
648 0.033034000000000674
649 0.03311799999999891
650 0.03359700000000032
651 0.03314450000000022
652 0.03349419999999981
653 0.03404230000000012
654 0.03470089999999999
655 0.033265999999999
656 0.03345769999999959
657 0.0335644000000002
658 0.03376360000000034
659 0.033659800000000926
660 0.03290740000000199
661 0.03484180000000094
662 0.034079900000000406
663 0.03370060000000023
664 0.03361469999999826
665 0.03363159999999823
666 0.033787100000000694
667 0.034212199999998916
668 0.03581369999999993
669 0.03405699999999854
670 0.03373119999999972
671 0.0343262999999979
672 0.034164000000001235
673 0.03434169999999881
674 0.03462820000000022
675 0.034601599999999164
676 0.03591910000000098
677 0.03426809999999989
678 0.034180399999999625
679 0.03418929999999989
680 0.034803399999998416
681 0.034500899999997614
682 0.03454389999999989
683 0.03604330000000004
684 0.03511320000000069
685 0.03506240000000105
686 0.03469409999999869
687 0.035163199999999506
688 0.035165299999999886
689 0.035314800000000444
690 0.03636109999999917
691 0.03503410000000144
692 0.035128899999998
693 0.034851100000000204
694 0.035111299999999804
695 0.03498939999999777
696 0.03512029999999981
697 0.036628199999998404
698 0.03559990000000255
699 0.03529230000000041
700 0.03540189999999939
701 0.035390999999998486
702 0.035579500000000056
703 0.03585359999999867
704 0.037339799999998036
705 0.035632499999999824
706 0.03540399999999977
707 0.03575869999999952
708 0.035793200000000525
709 0.035488799999998835
710 0.03633869999999888
711 0.03581590000000005
712 0.037208499999999846
713 0.03557210000000168
714 0.03572860000000162
715 0.03561349999999948
716 0.036064600000000266
717 0.03572729999999922
718 0.035549499999999054
719 0.03705309999999997
720 0.03604330000000004
721 0.03651480000000049
722 0.03626989999999921
723 0.03655510000000106
724 0.036755899999999994
725 0.03648199999999804
726 0.03815179999999998
727 0.036527800000001776
728 0.036726600000000074
729 0.03703179999999975
730 0.03668679999999824
731 0.036699999999999025
732 0.03671609999999816
733 0.03800250000000176
734 0.036468899999999846
735 0.0370381999999978
736 0.03727460000000064
737 0.037198900000001346
738 0.037179199999999926
739 0.037130000000001925
740 0.03826699999999903
741 0.03673640000000091
742 0.03709969999999885
743 0.03770869999999889
744 0.03748239999999896
745 0.038146000000000416
746 0.03747590000000116
747 0.038745500000001695
748 0.037748600000000465
749 0.0374937000000017
750 0.03754059999999981
751 0.03767509999999845
752 0.037642099999999346
753 0.03815299999999979
754 0.03895960000000116
755 0.037641700000000354
756 0.03818930000000194
757 0.03811019999999985
758 0.03806409999999971
759 0.03840160000000026
760 0.03839910000000089
761 0.03779759999999897
762 0.03935670000000187
763 0.037881500000000304
764 0.03788199999999904
765 0.03808039999999835
766 0.03810170000000142
767 0.0385027000000008
768 0.03826480000000174
769 0.03934220000000153
770 0.038381100000000855
771 0.03829629999999895
772 0.03849040000000059
773 0.03858809999999835
774 0.03899449999999831
775 0.039120700000000855
776 0.039875900000001255
777 0.03867210000000228
778 0.03854950000000201
779 0.0390467000000001
780 0.03869699999999909
781 0.0387313000000006
782 0.0387014999999991
783 0.03993289999999945
784 0.03887650000000065
785 0.0389757000000003
786 0.039621199999999135
787 0.03930160000000171
788 0.03889649999999847
789 0.039141999999998234
790 0.040717999999998256
791 0.03912930000000188
792 0.03906640000000152
793 0.03931690000000003
794 0.039906700000000225
795 0.03952390000000037
796 0.039930400000000074
797 0.041084800000001566
798 0.03975829999999973
799 0.03959139999999763
800 0.03990239999999971
801 0.040054799999998635
802 0.03963410000000067
803 0.04024799999999971
804 0.04186969999999803
805 0.039771500000000515
806 0.03972580000000221
807 0.04006060000000104
808 0.04039850000000058
809 0.040572600000001555
810 0.040402700000001346
811 0.04155550000000119
812 0.04018480000000011
813 0.04008770000000084
814 0.04016039999999919
815 0.040508499999998546
816 0.04039870000000008
817 0.040848199999999224
818 0.04221170000000143
819 0.04071680000000129
820 0.040436800000000515
821 0.040378600000002506
822 0.04072800000000143
823 0.04063419999999951
824 0.04061299999999903
825 0.04236009999999908
826 0.040643600000001355
827 0.04087260000000015
828 0.04090269999999805
829 0.04098410000000001
830 0.0409419000000014
831 0.04198159999999973
832 0.04229780000000005
833 0.04061119999999789
834 0.04030429999999967
835 0.04043520000000171
836 0.04111550000000079
837 0.04225509999999986
838 0.04107419999999991
839 0.04262499999999818
840 0.041399100000001
841 0.04055520000000001
842 0.041334299999999755
843 0.04140060000000005
844 0.04209180000000003
845 0.043508099999999675
846 0.04147609999999986
847 0.04192140000000109
848 0.042388700000000765
849 0.0417193999999995
850 0.04200800000000129
851 0.042210399999999024
852 0.04395889999999838
853 0.041927100000000904
854 0.041865400000000365
855 0.04252999999999929
856 0.042454499999999486
857 0.04226759999999956
858 0.04298019999999951
859 0.04379000000000133
860 0.04246260000000177
861 0.042351700000000395
862 0.04246080000000063
863 0.042793199999999844
864 0.04297770000000014
865 0.046431799999999156
866 0.046244299999997907
867 0.04327560000000119
868 0.04302689999999813
869 0.043280999999998924
870 0.04397469999999828
871 0.043615299999999024
872 0.04397270000000049
873 0.04521059999999864
874 0.043294499999998945
875 0.04346960000000024
876 0.043453599999998004
877 0.04559979999999939
878 0.04374160000000131
879 0.04353830000000016
880 0.04674629999999809
881 0.04369820000000004
882 0.04354600000000062
883 0.0437106
884 0.04347540000000265
885 0.04380120000000147
886 0.044035900000000086
887 0.044818999999998256
888 0.04415740000000028
889 0.043805299999999645
890 0.044100299999999495
891 0.043664300000000364
892 0.04357750000000067
893 0.044711399999999915
894 0.043384500000001935
895 0.04348830000000135
896 0.044486799999998536
897 0.04394329999999798
898 0.044095300000000746
899 0.044562300000001186
900 0.0454543000000001
901 0.04422150000000045
902 0.04447629999999947
903 0.0442590000000024
904 0.0444974000000002
905 0.04409310000000062
906 0.04480570000000057
907 0.04653590000000065
908 0.044364699999999854
909 0.04473419999999919
910 0.04425180000000069
911 0.044786300000001236
912 0.04449600000000089
913 0.04457579999999837
914 0.04634360000000015
915 0.04446409999999901
916 0.04508880000000204
917 0.044567900000001257
918 0.04540059999999926
919 0.044856799999999454
920 0.04661270000000002
921 0.045499399999999926
922 0.04530399999999872
923 0.046129200000001445
924 0.045254800000000726
925 0.0454716999999988
926 0.04554509999999823
927 0.04649909999999977
928 0.0455508999999978
929 0.04565900000000056
930 0.046319800000000556
931 0.04635990000000163
932 0.04588099999999997
933 0.0457650000000001
934 0.04747050000000001
935 0.04620219999999904
936 0.04563959999999838
937 0.046965000000000146
938 0.04651720000000239
939 0.04599929999999972
940 0.046039100000001554
941 0.046941100000000804
942 0.04589369999999917
943 0.04610350000000096
944 0.046022099999999
945 0.046041499999998334
946 0.046397699999999986
947 0.04762560000000064
948 0.0461024000000009
949 0.04620380000000068
950 0.04671289999999999
951 0.04682970000000068
952 0.04633090000000095
953 0.04678639999999916
954 0.04894249999999829
955 0.04694210000000112
956 0.04690319999999985
957 0.047100399999999355
958 0.04707160000000101
959 0.047227000000000886
960 0.04723239999999862
961 0.04875680000000102
962 0.046867400000002134
963 0.046952100000001454
964 0.04707610000000102
965 0.04742840000000115
966 0.0475625999999977
967 0.04861800000000187
968 0.04728800000000035
969 0.047530600000001755
970 0.04777970000000096
971 0.047599199999999085
972 0.048090700000000194
973 0.04765959999999723
974 0.049578000000002474
975 0.04723460000000159
976 0.04802890000000275
977 0.0478176000000019
978 0.047580099999998994
979 0.047705400000000966
980 0.04779609999999934
981 0.04910340000000133
982 0.04850410000000238
983 0.048501199999998336
984 0.048317800000000945
985 0.048148300000002565
986 0.04813020000000279
987 0.04957750000000374
988 0.048270899999999985
989 0.04820520000000102
990 0.04849019999999769
991 0.048917299999999386
992 0.04891259999999988
993 0.0484704000000022
994 0.05079870000000142
995 0.04893670000000157
996 0.04904940000000124
997 0.04893699999999512
998 0.04929480000000126
999 0.04971899999999892
